^,0.0,26.4,0,132.2,0,1,579.0,613.2,192.1,118.9,502.05,5,0.946,60.469,1000,~
^,0.0,26.5,0,132.0,0,1,579.9,612.2,192.4,118.9,501.87,5,0.946,60.477,1001,~
^,0.0,26.4,0,131.9,0,1,580.1,614.7,199.6,118.9,501.70,5,0.946,60.450,1002,~
^,0.0,26.4,0,132.0,0,1,576.9,611.5,199.2,119.0,501.53,5,0.946,60.481,1003,~
^,0.0,26.4,0,131.9,0,1,578.4,613.4,193.8,118.8,501.35,5,0.946,60.464,1004,~
^,0.0,26.4,0,131.7,0,1,578.5,612.4,192.3,118.9,501.18,5,0.946,60.472,1005,~
^,0.0,26.4,0,131.6,0,1,578.6,611.8,196.0,118.9,501.01,5,0.946,60.479,1006,~
^,0.0,26.5,0,131.7,0,1,578.1,612.6,198.5,118.8,500.84,5,0.946,60.464,1007,~
^,0.0,26.4,0,131.6,0,1,579.4,612.6,193.3,118.9,500.66,5,0.946,60.468,1008,~
^,1.7,26.5,0,130.7,45,1,581.3,615.1,193.7,118.9,500.49,5,0.946,60.477,1009,~
^,2.7,26.5,0,130.5,374,1,578.7,612.7,193.5,118.7,500.33,5,0.946,60.466,1010,~
^,26.2,26.7,7,101.4,703,1,579.6,615.0,195.2,119.1,500.26,5,0.946,60.466,1011,~
^,25.9,26.7,7,101.3,694,1,579.1,611.3,191.4,119.0,512.00,5,0.946,60.469,1012,~
^,25.9,26.7,7,101.3,691,1,581.0,615.1,194.1,119.1,512.00,5,0.946,60.468,1013,~
^,26.3,26.7,7,101.0,702,1,580.9,615.1,193.8,119.1,512.00,5,0.946,60.479,1014,~
^,26.1,26.7,7,99.7,702,1,582.2,617.0,194.3,119.1,512.00,5,0.946,60.460,1015,~
^,26.1,26.7,7,99.8,699,1,580.7,612.6,191.9,119.1,512.00,5,0.946,60.473,1016,~
^,25.7,26.7,7,99.6,691,1,580.7,613.8,195.9,119.0,512.00,5,0.946,60.483,1017,~
^,25.4,26.7,7,99.8,682,1,581.4,614.6,196.7,119.0,512.00,5,0.946,60.477,1018,~
^,4.5,26.5,0,129.6,50,1,583.0,615.3,193.5,118.9,512.00,5,0.946,60.465,1019,~
^,20.1,26.7,7,71.5,493,1,586.3,620.1,192.9,119.1,511.84,5,0.946,60.487,1020,~
^,25.4,26.7,7,102.0,681,2,584.5,619.2,194.8,119.1,511.80,5,0.946,60.478,1021,~
^,25.3,26.7,7,101.9,675,2,583.3,617.8,199.9,119.2,511.82,5,0.946,60.487,1022,~
^,25.2,26.7,7,101.3,672,2,586.8,619.2,192.5,119.0,511.83,5,0.946,60.488,1023,~
^,25.3,26.7,7,101.0,678,2,586.2,620.1,195.8,119.1,511.84,5,0.946,60.479,1024,~
^,25.3,26.7,7,100.3,679,2,584.8,619.1,199.7,119.0,511.85,5,0.946,60.463,1025,~
^,25.7,26.7,7,101.0,684,2,587.8,622.1,194.4,119.1,511.86,5,0.946,60.474,1026,~
^,26.0,26.7,7,101.2,692,2,585.1,620.0,195.5,119.1,511.88,5,0.946,60.467,1027,~
^,26.1,26.7,7,102.6,698,2,581.4,616.3,200.5,119.1,511.90,5,0.946,60.474,1028,~
^,26.3,26.7,7,102.8,706,2,585.4,618.0,192.2,119.0,511.92,5,0.946,60.470,1029,~
^,26.1,26.7,7,102.8,701,2,587.4,622.2,195.8,119.0,511.94,5,0.946,60.459,1030,~
^,25.7,26.7,7,102.7,690,2,587.6,619.8,192.3,119.0,511.95,5,0.946,60.464,1031,~
^,25.9,26.8,7,102.7,693,2,584.9,619.9,194.1,119.0,511.97,5,0.946,60.469,1032,~
^,25.6,26.7,7,102.7,684,2,588.9,620.9,193.5,119.0,511.99,5,0.946,60.469,1033,~
^,25.6,26.8,7,102.7,685,2,587.3,621.7,200.5,119.0,512.00,5,0.946,60.474,1034,~
^,25.8,26.8,7,102.7,691,2,589.9,624.5,195.0,118.9,512.00,5,0.946,60.475,1035,~
^,25.9,26.8,7,104.2,694,2,588.1,622.8,193.9,119.0,512.00,5,0.946,60.478,1036,~
^,25.9,26.8,7,104.2,694,2,587.1,619.5,194.9,119.0,512.00,5,0.946,60.490,1037,~
^,25.9,26.8,7,104.2,694,2,587.8,621.1,194.8,119.0,512.00,5,0.946,60.472,1038,~
^,26.0,26.8,7,104.4,698,2,590.3,622.1,192.2,119.0,512.00,5,0.946,60.483,1039,~
^,25.9,26.8,7,104.3,696,2,590.2,625.0,200.6,119.1,512.00,5,0.946,60.483,1040,~
^,25.9,26.8,7,104.3,695,2,591.7,626.7,195.7,119.1,512.00,5,0.946,60.483,1041,~
^,25.6,26.8,7,104.3,688,2,590.9,622.9,193.6,119.0,512.00,5,0.946,60.492,1042,~
^,25.7,26.8,7,105.8,689,2,590.2,624.6,195.2,119.0,512.00,5,0.946,60.475,1043,~
^,26.0,26.8,7,104.3,705,2,591.2,625.4,195.0,119.2,512.00,5,0.946,60.482,1044,~
^,25.5,26.8,7,104.2,683,2,590.8,624.7,193.2,119.1,512.00,5,0.946,60.489,1045,~
^,25.5,26.8,7,104.3,678,2,590.9,622.7,193.3,119.0,512.00,5,0.946,60.473,1046,~
^,25.6,26.8,7,105.8,688,2,590.9,623.2,195.0,119.0,512.00,5,0.946,60.486,1047,~
^,25.4,26.8,7,105.8,685,2,586.4,621.1,199.1,119.0,512.00,5,0.946,60.457,1048,~
^,25.7,26.8,7,104.4,691,2,590.7,624.7,195.3,119.2,512.00,5,0.946,60.474,1049,~
^,25.7,26.8,7,104.3,690,2,592.7,626.9,195.7,119.2,512.00,5,0.946,60.472,1050,~
^,25.5,26.8,7,104.3,687,2,593.2,627.6,194.5,119.1,512.00,5,0.946,60.464,1051,~
^,25.2,26.8,7,104.3,675,2,589.0,621.2,192.6,119.1,512.00,5,0.946,60.468,1052,~
^,25.5,26.8,7,104.3,680,2,587.5,622.3,200.6,119.1,512.00,5,0.946,60.470,1053,~
^,25.5,26.8,7,104.2,685,2,586.7,621.6,199.4,119.2,512.00,5,0.946,60.478,1054,~
^,25.1,26.8,7,104.2,670,2,589.9,624.0,194.4,119.2,512.00,5,0.946,60.474,1055,~
^,25.2,26.8,7,104.3,677,2,586.4,620.7,199.8,119.1,512.00,5,0.946,60.471,1056,~
^,25.1,26.8,7,104.3,674,2,590.9,624.7,193.8,119.1,512.00,5,0.946,60.471,1057,~
^,25.3,26.8,7,105.8,677,2,591.1,625.8,194.4,119.1,512.00,5,0.946,60.475,1058,~
^,25.5,26.8,7,105.7,681,2,592.6,626.1,192.9,119.0,512.00,5,0.946,60.488,1059,~
^,25.5,26.8,7,105.7,683,2,589.8,621.6,192.1,119.0,512.00,5,0.946,60.462,1060,~
^,25.2,26.8,7,105.7,676,2,588.5,620.8,194.8,118.9,512.00,5,0.946,60.470,1061,~
^,25.4,26.8,7,104.3,683,2,589.2,622.9,196.6,119.0,512.00,5,0.946,60.480,1062,~
^,25.4,26.8,7,104.3,682,2,591.9,626.6,195.2,118.9,512.00,5,0.946,60.475,1063,~
^,25.4,26.8,7,104.2,681,2,589.4,622.3,192.3,119.0,512.00,5,0.946,60.465,1064,~
^,25.3,26.8,7,104.3,680,2,591.9,625.5,193.0,119.0,512.00,5,0.946,60.472,1065,~
^,25.3,26.8,7,104.2,681,2,592.0,626.3,200.6,118.9,512.00,5,0.946,60.473,1066,~
^,25.4,26.8,7,102.7,685,2,591.9,626.0,194.5,118.9,512.00,5,0.946,60.458,1067,~
^,23.1,26.7,6,102.8,627,2,590.3,623.0,196.2,118.9,512.00,5,0.946,60.465,1068,~
^,25.5,26.8,7,104.1,664,2,589.9,622.8,193.0,119.1,512.00,5,0.946,60.481,1069,~
^,25.5,26.8,7,104.2,683,2,588.2,622.4,199.9,119.0,512.00,5,0.946,60.480,1070,~
^,25.7,26.8,7,104.6,686,2,587.3,621.8,199.8,118.9,512.00,5,0.946,60.464,1071,~
^,25.9,26.8,7,105.9,697,2,589.4,624.3,201.1,118.9,512.00,5,0.946,60.474,1072,~
^,25.7,26.8,7,105.9,690,2,590.7,624.5,195.0,119.1,512.00,5,0.946,60.487,1073,~
^,25.6,26.8,7,106.0,687,2,589.7,623.4,194.9,119.0,512.00,5,0.946,60.466,1074,~
^,25.6,26.8,7,105.9,685,2,592.1,625.5,195.4,119.1,512.00,5,0.946,60.476,1075,~
^,25.7,26.8,7,106.0,689,2,593.9,627.4,195.0,119.0,512.00,5,0.946,60.474,1076,~
^,25.4,26.8,7,105.9,680,2,596.8,630.3,199.5,119.0,512.00,5,0.946,60.475,1077,~
^,25.3,26.8,7,104.5,682,2,596.4,629.8,199.1,119.0,512.00,5,0.946,60.477,1078,~
^,25.3,26.8,7,104.6,680,2,597.8,629.8,192.3,119.1,512.00,5,0.946,60.486,1079,~
^,23.5,26.8,6,104.4,614,2,595.9,629.0,195.3,119.1,512.00,5,0.946,60.483,1080,~
^,25.6,26.8,7,104.3,686,2,594.6,629.2,201.6,119.1,511.99,5,0.946,60.487,1081,~
^,25.4,26.8,7,102.9,680,2,597.8,629.3,192.1,119.1,512.00,5,0.946,60.507,1082,~
^,25.7,26.8,7,104.4,689,2,598.6,632.8,194.9,119.0,512.00,5,0.946,60.481,1083,~
^,23.2,26.8,6,104.5,615,2,596.8,630.4,199.8,119.0,512.00,5,0.946,60.489,1084,~
^,22.5,26.8,6,104.9,589,2,598.3,633.1,195.9,119.0,511.99,5,0.946,60.483,1085,~
^,25.5,26.8,7,104.4,688,2,592.7,626.7,199.2,119.0,511.98,5,0.946,60.497,1086,~
^,25.4,26.8,7,102.9,682,2,594.7,626.2,192.4,118.9,511.99,5,0.946,60.491,1087,~
^,25.8,26.8,7,103.0,698,2,593.6,627.3,194.7,119.0,512.00,5,0.946,60.480,1088,~
^,25.7,26.8,7,102.8,688,2,593.5,626.9,198.9,118.9,512.00,5,0.946,60.492,1089,~
^,25.7,26.8,7,102.8,690,2,594.9,628.4,195.4,119.0,512.00,5,0.946,60.488,1090,~
^,25.6,26.8,7,102.9,686,2,589.9,624.7,199.8,118.9,512.00,5,0.946,60.481,1091,~
^,25.5,26.8,7,102.8,687,2,592.6,625.0,194.5,119.1,512.00,5,0.946,60.501,1092,~
^,25.4,26.8,7,103.0,683,2,593.8,629.0,196.7,119.2,512.00,5,0.946,60.482,1093,~
^,25.5,26.8,7,103.0,684,2,591.2,625.2,197.7,119.1,512.00,5,0.946,60.495,1094,~
^,25.5,26.8,7,102.7,686,2,592.2,626.5,201.5,119.0,512.00,5,0.946,60.497,1095,~
^,25.4,26.8,7,102.7,683,2,594.2,628.7,201.0,118.9,512.00,5,0.946,60.494,1096,~
^,22.8,26.8,6,102.5,615,2,598.1,632.1,195.6,119.0,512.00,5,0.946,60.488,1097,~
^,25.3,26.8,7,101.4,680,2,597.2,629.7,197.1,119.0,511.99,5,0.946,60.502,1098,~
^,25.7,26.8,7,101.2,686,2,595.3,629.6,194.1,119.1,512.00,5,0.946,60.484,1099,~
^,25.7,26.8,7,99.7,687,2,596.1,630.7,194.3,119.1,512.00,5,0.946,60.490,1100,~
^,25.4,26.8,7,99.8,683,2,598.0,632.9,201.5,119.1,512.00,5,0.946,60.478,1101,~
^,25.0,26.8,7,99.8,672,2,598.9,632.8,194.4,119.1,512.00,5,0.946,60.482,1102,~
^,25.1,26.8,7,101.1,673,2,595.2,628.9,196.9,119.1,512.00,5,0.946,60.477,1103,~
^,25.3,26.8,7,101.2,678,2,597.0,628.7,193.3,119.1,512.00,5,0.946,60.471,1104,~
^,25.6,26.8,7,102.7,685,2,594.3,627.6,195.4,119.1,512.00,5,0.946,60.486,1105,~
^,25.3,26.8,7,102.7,677,2,593.8,625.9,194.7,119.1,512.00,5,0.946,60.485,1106,~
^,25.3,26.8,7,102.8,682,2,594.4,628.0,193.4,119.1,512.00,5,0.946,60.481,1107,~
^,25.3,26.8,7,102.8,678,2,594.6,629.4,195.5,119.0,512.00,5,0.946,60.485,1108,~
^,25.3,26.7,7,104.2,680,2,593.0,626.7,197.2,119.1,512.00,5,0.946,60.487,1109,~
^,25.4,26.8,7,103.1,680,2,594.6,626.2,191.5,119.0,512.00,5,0.946,60.491,1110,~
^,25.5,26.8,7,102.8,683,2,594.2,629.0,195.3,119.2,512.00,5,0.946,60.471,1111,~
^,25.4,26.8,7,103.9,682,2,595.2,629.5,201.0,119.0,512.00,5,0.946,60.485,1112,~
^,25.2,26.8,7,103.2,677,2,593.1,626.4,192.6,119.1,512.00,5,0.946,60.473,1113,~
^,25.3,26.8,7,103.6,674,2,595.0,629.9,195.0,119.1,512.00,5,0.946,60.482,1114,~
^,25.3,26.8,7,102.8,677,2,597.6,631.4,200.6,118.9,512.00,5,0.946,60.488,1115,~
^,25.4,26.8,7,104.3,681,2,597.3,631.9,196.8,119.2,512.00,5,0.946,60.460,1116,~
^,25.2,26.8,7,104.3,677,2,599.6,631.2,193.3,119.0,512.00,5,0.946,60.486,1117,~
^,25.2,26.8,7,104.3,674,2,595.2,629.8,195.2,119.0,512.00,5,0.946,60.479,1118,~
^,25.1,26.8,7,104.4,674,2,592.7,625.8,195.4,119.1,512.00,5,0.946,60.478,1119,~
^,25.3,26.8,7,104.3,678,2,594.3,628.9,200.6,119.0,512.00,5,0.946,60.479,1120,~
^,25.4,26.8,7,105.8,678,2,597.8,632.7,196.3,119.1,512.00,5,0.946,60.474,1121,~
^,25.6,26.8,7,104.5,688,2,594.2,628.3,198.8,119.0,512.00,5,0.946,60.480,1122,~
^,25.5,26.8,7,104.4,685,2,597.9,631.7,194.6,119.1,512.00,5,0.946,60.478,1123,~
^,25.8,26.8,7,104.4,686,2,599.3,631.2,195.6,119.0,512.00,5,0.946,60.474,1124,~
^,25.7,26.8,7,104.3,688,2,598.7,633.6,202.3,119.0,512.00,5,0.946,60.482,1125,~
^,25.6,26.8,7,104.4,690,2,597.7,631.4,194.0,119.1,512.00,5,0.946,60.491,1126,~
^,25.5,26.8,7,104.4,683,2,591.5,624.8,195.3,119.0,512.00,5,0.946,60.488,1127,~
^,25.5,26.8,7,104.3,683,2,589.5,623.2,196.7,118.9,512.00,5,0.946,60.478,1128,~
^,25.5,26.8,7,104.3,685,2,588.7,623.7,199.9,119.0,512.00,5,0.946,60.477,1129,~
^,25.7,26.8,7,102.9,689,2,595.7,628.4,193.8,119.1,512.00,5,0.946,60.485,1130,~
^,25.4,26.8,7,102.7,682,2,592.2,625.7,194.9,119.1,512.00,5,0.946,60.474,1131,~
^,25.6,26.8,7,102.6,686,2,593.9,628.1,201.0,118.9,512.00,5,0.946,60.473,1132,~
^,25.7,26.8,7,101.3,690,2,597.8,629.8,193.1,119.1,512.00,5,0.946,60.472,1133,~
^,25.7,26.8,7,101.3,688,2,594.9,629.0,196.0,119.1,512.00,5,0.946,60.458,1134,~
^,26.0,26.8,7,102.4,696,2,594.2,628.0,195.7,119.1,512.00,5,0.946,60.463,1135,~
^,26.2,26.8,7,102.9,702,2,594.3,628.0,200.4,118.9,512.00,5,0.946,60.456,1136,~
^,26.3,26.8,7,104.1,707,2,593.4,628.0,196.3,119.0,512.00,5,0.946,60.454,1137,~
^,26.2,26.8,7,104.4,707,2,592.6,627.6,201.7,119.1,512.00,5,0.946,60.477,1138,~
^,26.0,26.8,7,104.4,697,2,594.7,629.9,196.4,118.9,512.00,5,0.946,60.459,1139,~
^,26.0,26.8,7,104.3,698,2,595.5,629.9,195.7,119.1,512.00,5,0.946,60.468,1140,~
^,26.2,26.8,7,102.8,705,2,593.6,627.3,199.2,118.9,512.00,5,0.946,60.475,1141,~
^,26.0,26.8,7,102.8,696,2,595.1,628.5,194.2,119.0,512.00,5,0.946,60.480,1142,~
^,26.1,26.8,7,104.1,701,2,595.8,628.1,194.9,118.9,512.00,5,0.946,60.473,1143,~
^,25.7,26.8,7,104.3,688,2,600.1,634.8,196.5,119.2,512.00,5,0.946,60.485,1144,~
^,25.6,26.8,7,104.2,688,2,601.4,633.4,193.2,119.1,512.00,5,0.946,60.477,1145,~
^,25.9,26.8,7,104.3,695,2,601.0,635.6,197.0,119.1,512.00,5,0.946,60.470,1146,~
^,25.5,26.8,7,104.4,683,2,602.6,636.6,196.3,119.0,512.00,5,0.946,60.474,1147,~
^,25.5,26.8,7,105.8,685,2,602.0,634.4,194.2,119.1,512.00,5,0.946,60.467,1148,~
^,25.5,26.8,7,104.4,685,2,600.4,634.0,199.9,119.1,512.00,5,0.946,60.485,1149,~
^,25.7,26.8,7,105.8,691,2,600.9,635.2,196.9,119.0,512.00,5,0.946,60.458,1150,~
^,25.7,26.8,7,104.4,687,2,600.0,633.3,194.6,119.0,512.00,5,0.946,60.460,1151,~
^,25.4,26.8,7,104.4,682,2,598.5,630.7,194.3,119.0,512.00,5,0.946,60.463,1152,~
^,25.6,26.8,7,104.3,685,2,593.3,627.1,196.7,119.2,512.00,5,0.946,60.475,1153,~
^,25.5,26.8,7,102.8,687,2,598.3,630.5,193.7,119.1,512.00,5,0.946,60.464,1154,~
^,25.5,26.8,7,104.0,685,2,599.0,633.6,196.0,119.2,512.00,5,0.946,60.474,1155,~
^,25.7,26.8,7,104.3,689,2,594.5,629.0,200.5,119.1,512.00,5,0.946,60.473,1156,~
^,25.8,26.8,7,105.7,692,2,596.4,629.6,192.7,119.0,512.00,5,0.946,60.488,1157,~
^,25.8,26.8,7,104.5,690,2,594.9,628.4,194.3,119.2,512.00,5,0.946,60.494,1158,~
^,25.5,26.8,7,104.3,689,2,599.9,632.0,195.0,119.1,512.00,5,0.946,60.476,1159,~
^,25.5,26.8,7,104.3,683,2,602.3,634.3,193.5,118.9,512.00,5,0.946,60.466,1160,~
^,25.7,26.8,7,104.3,689,2,599.4,634.1,202.3,119.0,512.00,5,0.946,60.470,1161,~
^,25.9,26.8,7,104.5,692,2,601.6,636.1,196.3,119.0,512.00,5,0.946,60.472,1162,~
^,25.6,26.8,7,106.0,688,2,601.5,635.5,200.2,119.1,512.00,5,0.946,60.481,1163,~
^,25.8,26.8,7,106.0,689,2,600.3,635.1,202.4,119.1,512.00,5,0.946,60.478,1164,~
^,25.3,26.8,7,106.0,680,2,601.7,635.5,201.4,119.1,512.00,5,0.946,60.486,1165,~
^,24.7,26.8,7,105.9,671,2,601.6,635.3,198.5,119.1,512.00,5,0.946,60.491,1166,~
^,21.2,26.8,6,105.7,570,2,604.6,637.9,195.6,119.0,512.00,5,0.946,60.490,1167,~
^,23.5,26.8,6,104.8,615,2,605.1,637.3,193.3,119.1,511.98,5,0.946,60.493,1168,~
^,24.5,26.8,7,104.3,656,2,606.8,640.1,193.9,119.0,511.97,5,0.946,60.499,1169,~
^,24.4,26.8,7,102.9,655,2,604.4,638.9,195.8,119.0,511.97,5,0.946,60.491,1170,~
^,24.5,26.8,7,104.4,660,2,604.2,638.9,195.4,119.0,511.97,5,0.946,60.501,1171,~
^,24.4,26.8,6,104.4,673,2,602.7,636.4,195.7,118.9,511.97,5,0.946,60.485,1172,~
^,24.1,26.8,6,104.3,645,2,602.3,636.7,195.5,118.8,511.98,5,0.946,60.472,1173,~
^,24.3,26.8,6,104.2,651,2,605.2,639.9,196.9,119.0,511.98,5,0.946,60.497,1174,~
^,24.2,26.8,6,104.4,650,2,602.1,635.9,199.8,119.0,511.98,5,0.946,60.498,1175,~
^,24.0,26.8,6,104.4,643,2,601.4,635.6,195.9,118.9,511.98,5,0.946,60.479,1176,~
^,24.3,26.8,6,104.4,650,2,601.0,634.8,197.7,119.0,511.98,5,0.946,60.482,1177,~
^,24.7,26.8,7,105.9,661,2,601.6,635.1,196.3,118.9,511.98,5,0.946,60.480,1178,~
^,25.2,26.8,7,106.0,672,2,600.3,634.7,201.0,119.0,511.98,5,0.946,60.483,1179,~
^,25.1,26.8,7,106.2,674,2,604.6,637.6,198.5,118.9,511.99,5,0.946,60.490,1180,~
^,25.5,26.8,7,107.6,683,2,605.0,639.1,195.7,119.0,511.99,5,0.946,60.481,1181,~
^,25.0,26.8,7,107.6,671,2,604.9,639.0,196.4,119.0,512.00,5,0.946,60.489,1182,~
^,25.1,26.8,7,107.6,668,2,601.9,635.5,194.5,119.0,512.00,5,0.946,60.479,1183,~
^,24.8,26.8,6,107.6,665,2,605.2,640.3,196.5,118.9,512.00,5,0.946,60.489,1184,~
^,25.0,26.8,7,106.1,690,2,603.8,638.1,196.5,118.9,512.00,5,0.946,60.490,1185,~
^,24.7,26.8,7,106.0,664,2,603.3,636.9,196.7,119.0,512.00,5,0.946,60.512,1186,~
^,24.7,26.8,6,105.9,664,2,602.5,636.7,201.9,118.9,512.00,5,0.946,60.504,1187,~
^,24.7,26.8,6,106.0,665,2,600.2,634.2,198.7,118.9,512.00,5,0.946,60.505,1188,~
^,24.7,26.8,6,106.0,662,2,602.6,635.5,198.8,118.8,512.00,5,0.946,60.501,1189,~
^,25.3,26.8,7,107.5,678,2,608.0,639.3,193.4,118.9,512.00,5,0.946,60.504,1190,~
^,25.6,26.8,7,107.7,688,2,606.2,640.5,197.6,118.9,512.00,5,0.946,60.480,1191,~
^,25.5,26.8,7,107.7,684,2,608.1,640.3,196.8,118.8,512.00,5,0.946,60.472,1192,~
^,25.4,26.8,7,107.7,679,2,606.8,638.8,195.9,118.9,512.00,5,0.946,60.497,1193,~
^,25.4,26.8,7,107.7,680,2,606.4,638.7,194.2,118.9,512.00,5,0.946,60.496,1194,~
^,25.6,26.8,7,109.2,690,2,605.6,639.2,195.7,118.9,512.00,5,0.946,60.484,1195,~
^,25.5,26.8,7,109.3,684,2,603.9,637.6,200.4,118.9,512.00,5,0.946,60.490,1196,~
^,25.1,26.8,6,109.2,677,2,606.0,639.5,201.5,119.0,512.00,5,0.946,60.496,1197,~
^,25.1,26.8,6,109.2,672,2,605.5,639.1,197.1,119.0,512.00,5,0.946,60.486,1198,~
^,25.2,26.8,7,109.4,678,2,605.9,640.5,203.2,118.9,512.00,5,0.946,60.487,1199,~
^,25.2,26.8,6,109.3,676,2,607.4,640.4,195.5,119.0,512.00,5,0.946,60.475,1200,~
^,25.2,26.8,6,109.9,678,2,607.1,639.2,194.6,118.9,512.00,5,0.946,60.477,1201,~
^,25.4,26.8,7,109.5,676,2,607.1,640.4,194.7,118.9,512.00,5,0.946,60.477,1202,~
^,25.5,26.8,7,109.4,685,2,607.0,641.2,196.5,118.8,512.00,5,0.946,60.466,1203,~
^,25.1,26.8,6,109.4,674,2,605.1,639.3,200.3,119.1,512.00,5,0.946,60.497,1204,~
^,23.9,26.8,6,109.3,644,2,607.3,641.8,196.3,119.1,512.00,5,0.946,60.491,1205,~
^,24.3,26.8,6,109.3,649,2,608.8,643.3,197.5,119.0,512.00,5,0.946,60.486,1206,~
^,25.2,26.8,6,109.6,668,2,610.7,642.9,196.2,119.0,512.00,5,0.946,60.500,1207,~
^,25.0,26.8,6,111.2,669,2,607.9,642.4,196.2,119.0,512.00,5,0.946,60.494,1208,~
^,24.8,26.8,6,110.0,668,2,605.3,638.4,197.2,119.0,512.00,5,0.946,60.503,1209,~
^,24.9,26.8,6,109.9,667,2,607.4,641.1,196.5,119.0,512.00,5,0.946,60.501,1210,~
^,24.8,26.8,6,109.4,664,2,605.1,639.8,203.3,119.0,512.00,5,0.946,60.498,1211,~
^,24.5,26.8,6,109.4,659,2,608.1,640.2,193.9,119.0,512.00,5,0.946,60.503,1212,~
^,24.5,26.8,6,109.4,655,2,606.4,641.1,202.8,119.1,512.00,5,0.946,60.506,1213,~
^,24.5,26.8,6,109.4,655,2,608.9,642.1,194.2,119.0,512.00,5,0.946,60.495,1214,~
^,24.8,26.8,6,109.5,665,2,609.4,643.0,202.3,119.0,512.00,5,0.946,60.506,1215,~
^,24.7,26.8,6,109.9,664,2,612.1,645.8,194.6,119.1,512.00,5,0.946,60.492,1216,~
^,25.0,26.8,6,109.5,662,2,606.8,641.2,201.1,119.1,512.00,5,0.946,60.492,1217,~
^,24.4,26.8,6,110.2,664,2,609.0,643.4,196.5,118.9,512.00,5,0.946,60.501,1218,~
^,24.5,26.8,6,110.3,659,2,608.0,642.4,202.1,118.8,512.00,5,0.946,60.493,1219,~
^,24.5,26.8,6,110.2,657,2,608.8,642.5,200.9,118.8,512.00,5,0.946,60.489,1220,~
^,24.4,26.8,6,110.2,653,2,609.8,643.3,196.9,118.9,512.00,5,0.946,60.488,1221,~
^,24.2,26.8,6,109.8,648,2,610.6,644.0,194.3,118.8,512.00,5,0.946,60.492,1222,~
^,23.7,26.8,6,110.1,636,2,609.2,643.5,203.1,118.8,512.00,5,0.946,60.498,1223,~
^,23.5,26.8,6,110.4,628,2,611.0,645.7,197.4,118.9,511.99,5,0.946,60.494,1224,~
^,23.5,26.8,6,110.7,629,2,612.1,646.8,195.9,118.9,511.98,5,0.946,60.488,1225,~
^,24.0,26.8,6,109.2,642,2,611.8,644.6,200.8,118.8,511.97,5,0.946,60.488,1226,~
^,23.5,26.8,6,109.2,630,2,610.3,644.3,201.6,119.0,511.97,5,0.946,60.484,1227,~
^,23.4,26.8,6,109.1,633,2,612.6,646.9,196.3,118.9,511.96,5,0.946,60.494,1228,~
^,23.4,26.8,6,109.2,629,2,612.5,647.1,196.8,118.9,511.96,5,0.946,60.494,1229,~
^,23.6,26.8,6,109.2,631,2,611.6,645.7,203.3,118.9,511.95,5,0.952,60.483,1230,~
^,23.6,26.8,6,110.6,635,2,612.7,646.2,195.3,118.9,511.94,5,0.946,60.492,1231,~
^,23.9,26.8,6,109.3,639,2,613.0,644.6,196.5,118.9,511.93,5,0.946,60.483,1232,~
^,24.0,26.8,6,109.1,642,2,611.7,645.0,201.2,119.0,511.93,5,0.946,60.503,1233,~
^,23.9,26.8,6,109.2,643,2,607.6,641.4,198.9,119.1,511.92,5,0.946,60.496,1234,~
^,23.9,26.8,6,107.5,642,2,609.1,642.1,199.5,119.0,511.92,5,0.946,60.483,1235,~
^,24.0,26.8,6,107.4,646,2,610.1,644.9,203.3,119.1,511.92,5,0.946,60.483,1236,~
^,23.9,26.8,6,107.4,642,2,611.2,645.8,202.3,119.0,511.91,5,0.946,60.492,1237,~
^,24.5,26.8,6,107.6,652,2,610.0,644.7,203.9,119.0,511.91,5,0.946,60.503,1238,~
^,24.2,26.8,6,107.6,655,2,613.8,646.3,194.7,118.9,511.91,5,0.946,60.478,1239,~
^,24.3,26.8,6,107.5,647,2,613.5,647.4,196.3,119.0,511.90,5,0.946,60.490,1240,~
^,24.3,26.8,6,107.5,652,2,612.9,645.3,198.6,118.9,511.90,5,0.946,60.498,1241,~
^,23.9,26.8,6,107.5,656,2,609.7,643.5,201.5,118.8,511.90,5,0.946,60.492,1242,~
^,24.2,26.8,6,108.4,647,2,613.3,648.2,198.2,119.0,511.90,5,0.946,60.469,1243,~
^,24.2,26.8,6,109.2,647,2,614.1,646.6,193.7,118.9,511.90,5,0.946,60.488,1244,~
^,23.8,26.8,6,109.2,642,2,614.7,648.8,195.6,118.9,511.89,5,0.946,60.483,1245,~
^,23.8,26.8,6,109.2,640,2,614.5,646.9,194.3,118.9,511.89,5,0.946,60.485,1246,~
^,23.8,26.8,6,109.3,639,2,613.8,644.7,193.0,118.9,511.88,5,0.952,60.483,1247,~
^,23.8,26.8,6,109.3,636,2,611.0,644.9,200.9,118.9,511.87,5,0.946,60.488,1248,~
^,23.7,26.8,6,109.2,635,2,612.6,646.2,202.5,118.8,511.87,5,0.946,60.494,1249,~
^,23.6,26.8,6,109.2,634,2,612.0,645.9,202.9,118.9,511.86,5,0.946,60.490,1250,~
^,23.8,26.8,6,109.2,638,2,611.4,644.5,200.5,118.9,511.85,5,0.946,60.471,1251,~
^,23.6,26.8,6,109.2,633,2,615.1,649.3,195.1,118.8,511.85,5,0.946,60.479,1252,~
^,23.7,26.8,6,107.7,635,2,615.9,647.7,194.4,118.8,511.84,5,0.946,60.491,1253,~
^,23.5,26.8,6,107.5,632,2,614.6,648.1,197.3,118.9,511.83,5,0.946,60.496,1254,~
^,23.5,26.8,6,107.5,631,2,613.6,648.3,198.8,118.9,511.82,5,0.946,60.486,1255,~
^,24.0,26.8,6,106.2,643,2,613.8,648.4,198.0,118.9,511.82,5,0.946,60.482,1256,~
^,23.7,26.8,6,105.9,637,2,615.9,650.5,197.0,119.1,511.81,5,0.946,60.505,1257,~
^,23.6,26.8,6,105.9,635,2,616.1,650.9,197.9,119.0,511.80,5,0.946,60.494,1258,~
^,23.2,26.8,6,106.5,624,2,615.4,650.0,197.1,119.0,511.80,5,0.946,60.481,1259,~
^,23.2,26.8,6,106.6,621,2,615.6,650.3,198.9,118.9,511.79,5,0.946,60.483,1260,~
^,22.8,26.8,6,106.1,611,2,616.2,650.7,197.9,118.8,511.77,5,0.946,60.480,1261,~
^,22.9,26.7,6,106.6,616,2,612.5,646.2,200.2,118.9,511.76,5,0.952,60.498,1262,~
^,22.8,26.8,6,106.5,612,2,616.4,650.9,197.3,118.8,511.75,5,0.946,60.489,1263,~
^,23.0,26.8,6,105.8,616,2,615.3,649.8,197.3,118.8,511.73,5,0.946,60.496,1264,~
^,23.3,26.8,6,105.3,623,2,615.6,649.5,197.4,118.9,511.72,5,0.946,60.500,1265,~
^,23.3,26.8,6,105.4,625,2,614.1,648.3,203.0,118.9,511.71,5,0.946,60.494,1266,~
^,23.9,26.8,6,104.2,637,2,613.3,647.6,203.4,118.9,511.70,5,0.946,60.498,1267,~
^,24.4,26.8,7,103.4,653,2,614.0,647.9,200.6,118.9,511.69,5,0.946,60.495,1268,~
^,24.3,26.8,7,102.6,653,2,614.5,647.6,198.9,119.1,511.69,5,0.952,60.488,1269,~
^,24.2,26.8,7,102.5,647,2,614.1,647.1,197.7,119.1,511.69,5,0.952,60.499,1270,~
^,24.2,26.8,7,101.7,650,2,616.7,648.7,197.9,119.1,511.69,5,0.946,60.501,1271,~
^,23.9,26.8,6,101.9,643,2,615.7,648.7,200.6,119.1,511.68,5,0.946,60.490,1272,~
^,23.8,26.8,6,101.9,638,2,617.2,649.8,199.2,119.1,511.68,5,0.946,60.505,1273,~
^,23.7,26.8,6,101.1,638,2,616.7,648.3,195.7,119.0,511.67,5,0.946,60.501,1274,~
^,23.7,26.8,7,101.3,637,2,615.5,648.3,198.8,119.0,511.66,5,0.946,60.502,1275,~
^,23.0,26.8,6,101.5,622,2,614.0,646.9,194.9,119.1,511.65,5,0.946,60.497,1276,~
^,22.8,26.8,6,101.7,618,2,616.4,651.2,197.2,119.0,511.64,5,0.946,60.493,1277,~
^,22.9,26.8,6,102.6,629,2,616.8,651.3,196.5,118.9,511.63,5,0.946,60.488,1278,~
^,22.9,26.8,6,102.2,615,2,615.8,650.7,198.6,118.9,511.62,5,0.946,60.490,1279,~
^,22.4,26.8,6,102.2,602,2,614.3,648.7,204.0,118.9,511.61,5,0.946,60.493,1280,~
^,22.3,26.7,6,102.3,600,2,616.4,648.1,197.3,118.8,511.59,5,0.946,60.479,1281,~
^,23.3,26.8,6,102.4,620,2,615.8,649.7,203.3,118.9,511.57,5,0.946,60.493,1282,~
^,22.7,26.7,6,102.5,613,2,616.7,648.7,192.3,118.9,511.56,5,0.946,60.500,1283,~
^,23.3,26.8,6,102.0,627,2,617.4,652.0,199.4,118.9,511.55,5,0.946,60.477,1284,~
^,22.9,26.8,6,101.6,614,2,614.9,648.9,203.5,119.0,511.54,5,0.946,60.498,1285,~
^,22.9,26.8,6,101.6,614,2,616.3,650.1,201.9,118.8,511.52,5,0.946,60.495,1286,~
^,23.7,26.8,6,102.5,634,2,617.4,650.3,201.4,118.8,511.51,5,0.946,60.487,1287,~
^,23.6,26.8,6,102.6,632,2,617.6,652.4,198.4,118.9,511.50,5,0.946,60.495,1288,~
^,23.1,26.8,6,102.6,626,2,617.9,650.1,193.3,118.9,511.49,5,0.946,60.503,1289,~
^,22.8,26.8,6,102.5,612,2,618.2,650.0,193.6,118.8,511.48,5,0.946,60.498,1290,~
^,22.2,26.8,6,102.5,594,2,616.4,649.7,194.7,118.9,511.47,5,0.946,60.500,1291,~
^,22.8,26.8,6,102.5,611,2,617.8,651.8,195.3,118.9,511.45,5,0.952,60.501,1292,~
^,22.7,26.8,6,102.5,610,2,615.7,648.6,200.8,118.8,511.43,5,0.946,60.490,1293,~
^,22.5,26.7,6,102.5,606,2,616.5,649.0,199.8,118.8,511.42,5,0.946,60.498,1294,~
^,22.5,26.7,6,102.5,603,2,618.9,650.1,194.0,118.9,511.40,5,0.952,60.503,1295,~
^,22.5,26.8,6,102.6,605,2,618.7,651.3,193.4,118.8,511.39,5,0.952,60.500,1296,~
^,22.8,26.8,6,102.6,606,2,618.6,651.7,200.9,119.0,511.37,5,0.946,60.493,1297,~
^,22.9,26.7,6,102.5,611,2,619.7,652.7,194.3,118.9,511.35,5,0.952,60.493,1298,~
^,22.6,26.7,6,102.5,602,2,619.6,653.5,193.8,118.9,511.34,5,0.946,60.484,1299,~
^,22.2,26.7,6,101.0,606,2,617.1,651.6,198.9,118.9,511.32,5,0.952,60.480,1300,~
^,22.2,26.7,6,101.0,595,2,613.8,647.0,201.1,118.9,511.30,5,0.946,60.492,1301,~
^,22.5,26.7,6,102.5,600,2,617.8,650.8,200.5,118.8,511.28,5,0.946,60.492,1302,~
^,22.5,26.7,6,101.0,604,2,619.8,651.2,192.3,118.9,511.27,5,0.946,60.493,1303,~
^,22.7,26.7,6,100.9,606,2,617.6,650.9,193.9,118.9,511.25,5,0.952,60.492,1304,~
^,22.7,26.7,6,99.5,608,2,617.1,649.9,200.2,118.9,511.23,5,0.946,60.499,1305,~
^,22.5,26.7,6,99.4,602,2,617.6,649.2,194.6,118.8,511.22,5,0.952,60.503,1306,~
^,22.6,26.7,6,99.5,604,2,617.1,649.8,199.4,118.8,511.20,5,0.946,60.510,1307,~
^,22.4,26.7,6,99.4,601,2,617.5,650.5,201.6,118.9,511.18,5,0.952,60.507,1308,~
^,22.3,26.7,6,99.5,596,2,618.0,650.5,200.9,118.7,511.16,5,0.946,60.515,1309,~
^,22.1,26.7,6,99.3,597,2,619.7,653.6,195.8,118.8,511.15,5,0.952,60.508,1310,~
^,22.4,26.7,6,99.4,588,2,618.3,652.9,196.6,118.9,511.13,5,0.946,60.500,1311,~
^,22.7,26.7,6,99.4,601,2,615.5,649.1,200.9,119.0,511.10,5,0.946,60.501,1312,~
^,21.8,26.7,6,99.3,580,2,619.6,653.0,198.7,119.0,511.09,5,0.952,60.499,1313,~
^,21.8,26.7,6,99.4,594,2,617.2,651.0,202.3,118.8,511.06,5,0.952,60.508,1314,~
^,21.8,26.7,6,99.4,581,2,620.5,652.3,194.9,119.0,511.04,5,0.946,60.507,1315,~
^,21.6,26.7,6,99.4,577,2,617.9,649.9,192.4,118.9,511.02,5,0.946,60.493,1316,~
^,21.9,26.7,6,99.3,585,2,620.5,652.7,199.2,118.9,511.00,5,0.946,60.492,1317,~
^,22.0,26.7,6,99.3,585,2,619.4,652.7,194.1,119.0,510.97,5,0.946,60.494,1318,~
^,21.8,26.7,6,99.3,582,2,619.4,653.5,196.2,119.0,510.95,5,0.946,60.492,1319,~
^,22.0,26.7,6,99.4,586,2,620.2,652.7,197.7,119.0,510.93,5,0.946,60.505,1320,~
^,22.2,26.7,6,100.8,607,2,620.8,652.5,192.3,119.0,510.90,5,0.946,60.512,1321,~
^,22.0,26.7,6,100.7,589,2,619.7,653.6,195.8,118.8,510.89,5,0.946,60.498,1322,~
^,22.4,26.7,6,99.5,593,2,616.8,650.3,204.0,118.9,510.86,5,0.946,60.493,1323,~
^,22.1,26.7,6,99.2,590,2,621.3,656.1,198.1,118.7,510.85,5,0.946,60.502,1324,~
^,22.2,26.7,6,99.4,602,2,622.0,656.3,197.9,118.8,510.82,5,0.946,60.494,1325,~
^,22.3,26.7,6,99.3,597,2,620.2,651.9,196.0,118.7,510.80,5,0.952,60.516,1326,~
^,22.7,26.7,6,99.4,607,2,619.4,652.4,200.6,118.8,510.79,5,0.952,60.503,1327,~
^,22.5,26.7,6,99.4,605,2,622.5,654.2,193.6,118.8,510.77,5,0.952,60.509,1328,~
^,22.3,26.7,6,99.6,598,2,620.1,654.6,198.9,118.9,510.75,5,0.952,60.501,1329,~
^,22.4,26.7,6,100.8,598,2,619.1,650.0,191.7,118.8,510.73,5,0.952,60.509,1330,~
^,23.0,26.7,6,101.0,611,2,618.1,650.2,192.5,118.9,510.71,5,0.946,60.507,1331,~
^,23.2,26.7,6,102.3,622,2,619.0,654.0,200.9,119.0,510.70,5,0.946,60.488,1332,~
^,23.2,26.7,6,102.5,614,2,619.6,653.9,201.1,119.1,510.69,5,0.946,60.488,1333,~
^,23.6,26.7,6,102.4,652,2,619.0,652.9,196.0,119.0,510.67,5,0.946,60.497,1334,~
^,23.0,26.7,6,102.3,616,2,620.2,654.8,200.3,119.1,510.67,5,0.946,60.506,1335,~
^,22.9,26.7,6,102.2,621,2,618.2,651.7,202.2,119.0,510.65,5,0.946,60.510,1336,~
^,22.9,26.7,6,101.7,611,2,620.2,653.0,193.6,119.0,510.64,5,0.946,60.501,1337,~
^,23.3,26.7,6,102.5,624,2,619.3,652.3,200.5,119.0,510.62,5,0.946,60.500,1338,~
^,22.8,26.7,6,102.4,609,2,620.8,655.6,200.6,119.1,510.61,5,0.946,60.498,1339,~
^,22.9,26.7,6,103.6,614,2,620.0,652.1,193.4,119.0,510.60,5,0.946,60.502,1340,~
^,22.8,26.7,6,103.9,611,2,620.4,654.8,198.8,119.0,510.58,5,0.946,60.499,1341,~
^,22.9,26.7,6,103.9,613,2,618.5,651.1,201.1,119.0,510.57,5,0.946,60.514,1342,~
^,23.1,26.7,6,103.3,616,2,618.0,651.1,201.1,119.0,510.55,5,0.946,60.512,1343,~
^,23.4,26.7,6,104.1,624,2,620.6,653.4,192.6,119.0,510.54,5,0.946,60.500,1344,~
^,23.6,26.7,6,104.8,627,2,616.5,649.7,201.3,119.0,510.53,5,0.946,60.502,1345,~
^,23.4,26.7,6,104.9,626,2,619.4,651.7,198.6,119.0,510.52,5,0.946,60.516,1346,~
^,24.0,26.7,6,104.2,641,2,622.2,654.9,193.0,119.0,510.50,5,0.952,60.507,1347,~
^,23.7,26.7,6,104.1,635,2,618.3,651.4,202.3,119.0,510.50,5,0.946,60.493,1348,~
^,23.4,26.7,6,104.1,626,2,620.3,652.9,193.7,119.0,510.49,5,0.946,60.512,1349,~
^,23.4,26.7,6,104.1,624,2,619.0,652.5,203.3,119.1,510.48,5,0.946,60.524,1350,~
^,23.3,26.7,6,103.9,626,2,622.1,653.8,190.9,118.8,510.46,5,0.946,60.497,1351,~
^,23.7,26.8,6,104.1,633,2,619.5,654.5,201.6,118.8,510.45,5,0.946,60.490,1352,~
^,23.4,26.7,6,104.0,627,2,621.3,653.5,191.2,118.8,510.44,5,0.946,60.498,1353,~
^,23.2,26.8,6,105.2,624,2,618.9,652.9,201.7,118.8,510.43,5,0.946,60.491,1354,~
^,23.1,26.7,6,104.0,618,2,616.4,649.5,201.8,118.8,510.42,5,0.946,60.500,1355,~
^,22.6,26.7,6,105.4,605,2,619.6,653.3,203.4,118.9,510.41,5,0.946,60.502,1356,~
^,23.0,26.7,6,104.1,615,2,619.5,652.7,202.1,118.9,510.39,5,0.946,60.509,1357,~
^,22.9,26.7,6,105.4,609,2,620.0,651.9,192.4,118.9,510.38,5,0.946,60.516,1358,~
^,23.2,26.7,6,104.1,620,2,618.9,654.0,200.5,118.8,510.36,5,0.946,60.512,1359,~
^,23.2,26.7,6,105.3,619,2,615.4,648.7,202.7,118.8,510.35,5,0.946,60.501,1360,~
^,23.6,26.8,6,104.1,631,2,619.9,653.6,201.4,118.8,510.33,5,0.946,60.502,1361,~
^,23.4,26.7,6,105.2,626,2,621.1,655.0,201.6,118.8,510.32,5,0.946,60.497,1362,~
^,23.5,26.8,6,104.0,632,2,619.0,651.9,201.7,118.8,510.31,5,0.946,60.498,1363,~
^,23.4,26.7,6,104.1,625,2,620.7,653.7,193.2,118.8,510.30,5,0.946,60.512,1364,~
^,23.1,26.7,6,105.3,621,2,621.5,655.4,195.8,118.8,510.29,5,0.952,60.504,1365,~
^,23.4,26.7,6,104.1,625,2,620.1,653.2,203.8,118.8,510.28,5,0.952,60.517,1366,~
^,23.4,26.7,6,103.9,629,2,622.1,654.7,193.3,118.8,510.27,5,0.946,60.513,1367,~
^,23.1,26.7,6,103.7,615,2,619.7,652.6,199.8,118.9,510.26,5,0.952,60.508,1368,~
^,23.2,26.7,6,102.4,618,2,619.4,653.6,202.9,119.1,510.24,5,0.946,60.505,1369,~
^,23.3,26.7,6,103.7,619,2,618.7,651.6,199.1,119.0,510.23,5,0.946,60.525,1370,~
^,23.2,26.7,6,103.7,616,2,620.4,652.9,191.7,119.0,510.21,5,0.946,60.513,1371,~
^,23.0,26.7,6,103.9,615,2,617.9,650.8,202.1,119.0,510.20,5,0.946,60.507,1372,~
^,22.9,26.7,6,102.5,617,2,619.4,652.2,203.1,119.0,510.19,5,0.946,60.527,1373,~
^,22.7,26.7,6,103.6,606,2,621.6,654.4,194.2,118.8,510.17,5,0.946,60.514,1374,~
^,22.4,26.7,6,103.4,603,2,619.1,654.2,203.5,118.8,510.15,5,0.946,60.498,1375,~
^,22.6,26.7,6,103.9,605,2,622.6,657.5,201.0,118.9,510.14,5,0.946,60.504,1376,~
^,22.4,26.7,6,103.9,598,2,622.6,655.6,197.3,118.7,510.12,5,0.946,60.512,1377,~
^,22.1,26.7,6,103.9,594,2,622.3,656.9,200.8,119.0,510.10,5,0.946,60.498,1378,~
^,22.3,26.7,6,103.9,595,2,620.5,653.9,199.4,118.9,510.08,5,0.946,60.507,1379,~
^,22.2,26.7,6,104.0,595,2,624.2,656.5,191.3,119.0,510.06,5,0.946,60.501,1380,~
^,22.1,26.7,6,103.9,590,2,623.1,657.6,203.7,119.1,510.04,5,0.946,60.500,1381,~
^,22.1,26.7,6,104.0,593,2,624.8,657.5,192.9,119.1,510.01,5,0.946,60.513,1382,~
^,22.1,26.7,6,104.0,590,2,625.0,657.4,190.6,118.9,509.99,5,0.946,60.514,1383,~
^,22.2,26.7,6,103.9,594,2,619.1,651.4,201.8,119.1,509.97,5,0.946,60.514,1384,~
^,21.9,26.7,6,104.0,588,2,622.6,656.1,195.7,119.0,509.95,5,0.946,60.506,1385,~
^,21.8,26.7,6,103.9,581,2,623.3,656.3,194.0,119.0,509.93,5,0.946,60.521,1386,~
^,22.4,26.7,6,102.5,598,2,619.4,652.3,202.7,119.0,509.90,5,0.946,60.528,1387,~
^,22.4,26.7,6,102.4,601,2,624.0,655.9,191.3,119.0,509.88,5,0.946,60.519,1388,~
^,22.5,26.7,6,101.0,603,2,620.5,653.2,203.8,119.1,509.86,5,0.946,60.513,1389,~
^,22.5,26.7,6,100.9,599,2,624.4,657.1,192.9,119.0,509.84,5,0.946,60.515,1390,~
^,22.7,26.7,6,102.4,604,2,621.6,654.5,202.5,119.0,509.82,5,0.946,60.512,1391,~
^,22.6,26.7,6,102.5,605,2,625.3,660.2,201.1,119.0,509.81,5,0.946,60.506,1392,~
^,22.5,26.7,6,102.5,601,2,618.7,651.6,204.0,118.9,509.79,5,0.946,60.509,1393,~
^,22.4,26.7,6,102.5,598,2,626.7,659.4,193.8,118.9,509.77,5,0.946,60.532,1394,~
^,22.0,26.7,6,102.4,591,2,621.2,653.8,201.8,118.9,509.75,5,0.946,60.519,1395,~
^,21.8,26.7,6,102.4,583,2,625.4,659.6,204.6,118.9,509.73,5,0.946,60.522,1396,~
^,21.9,26.7,6,102.4,583,2,628.2,660.3,192.3,118.7,509.70,5,0.946,60.512,1397,~
^,22.2,26.7,6,102.5,593,2,627.4,661.4,197.1,118.9,509.68,5,0.946,60.530,1398,~
^,22.1,26.7,6,102.4,591,2,621.8,655.6,199.2,118.8,509.65,5,0.946,60.523,1399,~
^,22.1,26.7,6,102.4,591,2,621.8,654.4,204.0,118.9,509.63,5,0.946,60.508,1400,~
^,22.2,26.7,6,100.9,593,2,623.8,656.6,195.1,118.9,509.61,5,0.946,60.511,1401,~
^,22.5,26.7,6,100.8,602,2,626.1,659.5,196.8,118.8,509.59,5,0.946,60.510,1402,~
^,22.4,26.7,6,100.8,597,2,626.1,658.6,191.9,118.8,509.57,5,0.946,60.520,1403,~
^,22.1,26.7,6,99.3,592,2,622.7,654.8,202.8,119.0,509.55,5,0.946,60.504,1404,~
^,22.2,26.7,6,100.7,593,2,625.0,659.8,202.2,119.0,509.53,5,0.952,60.503,1405,~
^,21.9,26.7,6,100.7,589,2,622.5,654.7,203.4,119.0,509.50,5,0.946,60.507,1406,~
^,22.2,26.7,6,100.8,596,2,625.6,660.0,199.0,118.9,509.48,5,0.946,60.515,1407,~
^,22.3,26.7,6,101.0,587,2,627.4,660.1,192.5,118.9,509.46,5,0.946,60.507,1408,~
^,21.9,26.7,6,100.8,585,2,626.5,660.2,195.9,118.9,509.43,5,0.952,60.501,1409,~
^,21.9,26.7,6,100.8,585,2,625.4,658.1,194.4,119.0,509.41,5,0.952,60.503,1410,~
^,22.1,26.7,6,102.3,590,2,622.2,654.9,202.8,119.1,509.39,5,0.946,60.498,1411,~
^,22.1,26.7,6,102.4,591,2,621.7,654.3,203.8,119.1,509.36,5,0.946,60.498,1412,~
^,22.5,26.7,6,103.8,599,2,627.0,660.2,193.4,119.1,509.34,5,0.946,60.514,1413,~
^,22.2,26.7,6,103.9,598,2,625.4,658.6,206.0,119.2,509.32,5,0.946,60.508,1414,~
^,22.0,26.7,6,103.9,592,2,624.7,657.9,204.4,119.1,509.30,5,0.946,60.518,1415,~
^,22.1,26.7,6,104.0,592,2,627.7,660.4,192.5,118.9,509.28,5,0.946,60.500,1416,~
^,22.3,26.7,6,104.4,593,2,626.3,661.4,203.0,119.0,509.25,5,0.946,60.504,1417,~
^,22.5,26.7,6,103.9,600,2,628.5,661.0,193.4,118.9,509.23,5,0.946,60.504,1418,~
^,22.7,26.7,6,102.7,606,2,626.1,659.5,196.7,118.8,509.21,5,0.946,60.497,1419,~
^,22.8,26.7,6,103.9,607,2,621.1,653.3,202.0,118.9,509.19,5,0.946,60.497,1420,~
^,23.0,26.7,6,104.0,617,2,621.2,653.7,204.2,119.0,509.18,5,0.946,60.512,1421,~
^,22.8,26.7,6,104.3,603,2,623.0,657.3,207.1,119.0,509.16,5,0.946,60.499,1422,~
^,23.0,26.7,6,104.0,613,2,625.4,659.0,197.0,118.9,509.14,5,0.946,60.506,1423,~
^,22.7,26.7,6,104.3,597,2,624.6,659.6,206.4,119.0,509.13,5,0.946,60.514,1424,~
^,22.9,26.7,6,103.9,610,2,625.4,660.3,207.5,118.9,509.10,5,0.946,60.505,1425,~
^,22.7,26.7,6,103.9,608,2,627.5,661.0,196.8,119.0,509.09,5,0.946,60.512,1426,~
^,22.5,26.7,6,103.8,601,2,626.5,660.4,197.8,118.9,509.07,5,0.946,60.500,1427,~
^,22.3,26.7,6,103.9,597,2,624.9,659.6,202.5,118.9,509.05,5,0.946,60.492,1428,~
^,22.1,26.7,6,103.9,592,2,628.4,660.9,191.8,118.8,509.03,5,0.946,60.514,1429,~
^,22.3,26.7,6,104.0,595,2,621.9,654.7,200.4,118.9,509.00,5,0.946,60.514,1430,~
^,22.1,26.7,6,104.0,590,2,627.7,660.8,194.5,118.8,508.98,5,0.946,60.521,1431,~
^,22.0,26.7,6,105.4,588,2,624.5,658.5,200.1,119.0,508.96,5,0.946,60.503,1432,~
^,22.2,26.7,6,104.0,592,2,622.8,656.4,198.3,118.9,508.94,5,0.946,60.501,1433,~
^,22.1,26.7,6,104.0,590,2,622.5,654.7,203.1,119.0,508.91,5,0.946,60.501,1434,~
^,22.1,26.7,6,103.8,590,2,622.7,655.5,204.8,119.1,508.89,5,0.946,60.488,1435,~
^,22.1,26.7,6,103.9,589,2,627.3,660.2,193.0,119.0,508.87,5,0.946,60.511,1436,~
^,22.3,26.7,6,104.0,594,2,627.1,660.1,193.1,119.1,508.85,5,0.946,60.503,1437,~
^,22.4,26.7,6,105.5,600,2,623.3,655.2,201.3,119.1,508.82,5,0.946,60.513,1438,~
^,22.7,26.7,6,104.1,606,2,625.5,659.8,207.3,119.2,508.80,5,0.946,60.509,1439,~
^,23.0,26.7,6,103.9,615,2,624.4,657.9,199.9,119.1,508.79,5,0.946,60.505,1440,~
^,22.3,26.7,6,103.9,599,2,625.0,658.6,205.4,119.2,508.77,5,0.946,60.505,1441,~
^,22.3,26.7,6,103.9,593,2,626.3,660.9,202.0,118.9,508.75,5,0.946,60.515,1442,~
^,22.2,26.7,6,104.0,592,2,623.6,657.7,205.7,118.9,508.73,5,0.946,60.505,1443,~
^,22.2,26.7,6,103.9,594,2,626.2,660.8,203.1,118.9,508.71,5,0.946,60.519,1444,~
^,22.4,26.7,6,104.0,596,2,627.7,660.6,193.0,118.8,508.68,5,0.946,60.524,1445,~
^,22.3,26.7,6,105.5,598,2,622.2,655.7,199.5,118.9,508.66,5,0.946,60.526,1446,~
^,23.0,26.7,6,104.1,606,2,629.5,661.7,192.6,118.9,508.64,5,0.946,60.529,1447,~
^,23.1,26.7,6,103.9,620,2,630.3,663.1,192.5,118.8,508.62,5,0.946,60.529,1448,~
^,22.7,26.7,6,103.8,610,2,624.2,657.7,196.8,118.8,508.61,5,0.946,60.519,1449,~
^,22.7,26.7,6,103.9,608,2,628.4,660.6,193.4,118.8,508.59,5,0.946,60.515,1450,~
^,22.7,26.7,6,103.9,605,2,625.3,659.1,197.2,118.8,508.57,5,0.946,60.517,1451,~
^,22.5,26.7,6,103.9,602,2,624.7,658.5,197.1,118.8,508.55,5,0.946,60.519,1452,~
^,22.5,26.7,6,103.9,603,2,626.6,658.9,192.5,118.9,508.53,5,0.946,60.523,1453,~
^,22.7,26.7,6,103.8,606,2,626.4,660.1,195.5,118.9,508.51,5,0.946,60.513,1454,~
^,23.0,26.7,6,104.0,616,2,627.3,661.0,195.7,118.8,508.49,5,0.946,60.532,1455,~
^,22.9,26.7,6,104.0,613,2,627.4,660.6,194.6,118.9,508.48,5,0.946,60.515,1456,~
^,22.9,26.7,6,104.0,612,2,626.0,660.7,206.5,119.2,508.46,5,0.946,60.503,1457,~
^,23.1,26.7,6,104.0,613,2,629.5,661.9,194.9,119.0,508.44,5,0.946,60.519,1458,~
^,23.3,26.7,6,103.9,622,2,632.3,664.8,193.1,119.1,508.42,5,0.946,60.529,1459,~
^,23.4,26.7,6,103.9,625,2,624.9,657.8,204.8,118.9,508.41,5,0.946,60.507,1460,~
^,23.2,26.7,6,103.9,619,2,631.6,664.1,193.6,118.9,508.39,5,0.946,60.521,1461,~
^,22.9,26.7,6,103.9,615,2,628.2,661.8,197.3,119.0,508.38,5,0.946,60.532,1462,~
^,22.8,26.7,6,103.9,611,2,624.2,658.0,200.7,119.0,508.36,5,0.946,60.516,1463,~
^,22.7,26.7,6,103.9,608,2,629.9,662.5,195.0,118.9,508.34,5,0.946,60.520,1464,~
^,22.5,26.7,6,103.8,600,2,629.3,662.3,194.0,118.8,508.32,5,0.946,60.512,1465,~
^,22.4,26.7,6,103.9,598,2,628.8,662.3,196.2,118.8,508.30,5,0.946,60.504,1466,~
^,22.6,26.7,6,102.5,606,2,627.2,661.3,198.9,118.9,508.28,5,0.946,60.510,1467,~
^,22.3,26.7,6,103.8,603,2,628.8,663.4,203.5,119.0,508.26,5,0.946,60.528,1468,~
^,22.7,26.7,6,102.4,606,2,629.1,661.5,195.7,118.8,508.24,5,0.946,60.507,1469,~
^,23.0,26.7,6,102.3,613,2,627.7,662.0,198.0,118.8,508.22,5,0.946,60.513,1470,~
^,23.1,26.7,6,100.9,619,2,630.1,663.4,195.6,118.8,508.20,5,0.946,60.506,1471,~
^,22.7,26.7,6,100.9,610,2,629.0,662.7,196.8,118.8,508.19,5,0.946,60.524,1472,~
^,22.5,26.7,6,100.8,602,2,631.2,665.0,196.2,118.9,508.17,5,0.946,60.501,1473,~
^,22.5,26.7,6,100.8,598,2,627.8,661.9,201.5,118.9,508.15,5,0.946,60.514,1474,~
^,22.3,26.7,6,100.7,597,2,629.0,662.0,198.7,118.8,508.13,5,0.946,60.517,1475,~
^,22.4,26.7,6,100.9,595,2,630.4,664.8,204.2,119.0,508.10,5,0.946,60.511,1476,~
^,22.4,26.7,6,100.1,595,2,626.8,659.8,198.2,119.0,508.08,5,0.946,60.519,1477,~
^,22.8,26.7,6,100.8,609,2,630.5,664.3,197.8,119.0,508.06,5,0.946,60.525,1478,~
^,22.4,26.7,6,100.8,598,2,633.7,666.4,193.9,118.9,508.04,5,0.946,60.522,1479,~
^,22.2,26.7,6,100.9,592,2,633.3,666.0,195.6,118.9,508.02,5,0.952,60.520,1480,~
^,22.4,26.7,6,100.9,598,2,629.7,662.8,203.9,119.1,507.99,5,0.952,60.507,1481,~
^,22.6,26.7,6,99.4,603,2,623.3,655.3,200.3,119.0,507.97,5,0.952,60.511,1482,~
^,22.6,26.7,6,99.4,603,2,633.7,667.1,195.0,118.9,507.95,5,0.952,60.508,1483,~
^,23.0,26.7,6,99.3,610,2,628.0,660.7,204.1,119.1,507.93,5,0.952,60.502,1484,~
^,22.8,26.7,6,98.0,608,2,628.3,662.4,205.9,119.1,507.91,5,0.952,60.514,1485,~
^,23.0,26.7,6,99.3,616,2,628.5,663.2,206.2,119.1,507.89,5,0.952,60.521,1486,~
^,22.8,26.7,6,99.4,611,2,626.0,658.5,199.9,119.1,507.88,5,0.946,60.510,1487,~
^,22.7,26.7,6,99.4,606,2,628.7,663.2,204.8,119.1,507.86,5,0.946,60.514,1488,~
^,23.1,26.7,6,99.5,620,2,629.4,663.7,206.5,119.1,507.84,5,0.946,60.528,1489,~
^,23.2,26.7,6,99.5,618,2,629.9,664.1,206.5,119.1,507.82,5,0.946,60.522,1490,~
^,23.2,26.7,6,99.4,619,2,632.4,665.8,196.6,119.1,507.81,5,0.946,60.529,1491,~
^,23.4,26.7,7,99.4,627,2,627.4,661.4,205.5,119.0,507.79,5,0.946,60.516,1492,~
^,23.2,26.7,6,99.4,621,2,628.4,661.3,200.9,119.1,507.78,5,0.946,60.523,1493,~
^,23.9,26.7,6,99.4,615,2,633.4,666.0,196.9,118.9,507.76,5,0.946,60.509,1494,~
^,22.3,26.7,6,99.3,600,2,630.2,664.5,204.5,119.1,507.74,5,0.946,60.521,1495,~


    0 102   2   3   0   7   INIT: FM80 Online
^,23.1,26.7,6,99.7,617,2,635.8,669.4,196.5,119.0,460.80,5,0.946,60.520,1,~
^,22.8,26.7,6,100.3,611,2,628.4,660.7,202.4,119.1,460.78,5,0.946,60.523,2,~
^,22.5,26.7,6,100.6,600,2,631.4,664.8,199.0,119.1,460.76,5,0.946,60.521,3,~
^,22.9,26.7,6,100.9,611,2,635.1,667.5,196.2,119.0,460.74,5,0.952,60.513,4,~
^,22.5,26.7,6,100.8,606,2,633.2,666.0,196.4,119.0,460.72,5,0.952,60.510,5,~
^,21.4,26.7,6,100.7,576,2,629.3,663.8,206.1,118.9,460.70,5,0.952,60.528,6,~
^,21.1,26.7,6,100.7,565,2,630.5,665.1,206.1,119.1,460.67,5,0.952,60.510,7,~
^,21.0,26.7,6,100.7,561,2,626.3,659.2,201.9,119.1,460.64,5,0.952,60.516,8,~
^,20.6,26.7,6,100.7,552,2,630.0,662.7,199.7,119.0,460.61,5,0.952,60.512,9,~
^,20.9,26.7,6,100.7,558,2,637.4,669.7,193.9,119.0,460.57,5,0.952,60.531,10,~
^,21.1,26.7,6,102.1,563,2,631.0,665.6,206.7,119.1,460.54,5,0.952,60.514,11,~
^,21.4,26.7,6,100.8,573,2,632.4,666.7,202.9,119.1,460.51,5,0.952,60.522,12,~


    0 102   2   3   0   7   INIT: FM80 Online
^,21.7,26.7,6,99.2,578,2,634.3,668.0,197.9,118.9,460.80,5,0.952,60.513,1,~
^,21.2,26.7,6,99.2,566,2,631.2,664.8,200.7,119.0,460.77,5,0.952,60.511,2,~
^,21.3,26.7,6,100.6,572,2,629.5,662.3,197.8,119.0,460.74,5,0.952,60.529,3,~
^,21.0,26.7,6,100.6,563,2,633.9,667.1,199.3,119.0,460.71,5,0.952,60.528,4,~
^,20.9,26.7,6,100.6,558,2,632.3,665.6,198.8,118.9,460.68,5,0.952,60.516,5,~
^,20.8,26.7,6,100.5,555,2,628.8,661.6,202.1,118.9,460.64,5,0.952,60.509,6,~
^,20.6,26.7,6,100.7,552,2,633.1,666.1,199.9,118.8,460.61,5,0.952,60.504,7,~
^,20.5,26.7,6,100.6,549,2,635.9,669.3,196.9,118.7,460.57,5,0.952,60.519,8,~
^,20.3,26.7,6,100.7,543,2,628.2,661.7,205.3,118.8,460.54,5,0.952,60.524,9,~
^,20.1,26.7,5,100.6,538,2,633.2,666.7,197.2,118.8,460.50,5,0.952,60.519,10,~
^,20.3,26.7,6,100.6,542,2,630.2,664.7,206.7,118.9,460.46,5,0.952,60.524,11,~
^,20.3,26.7,5,102.1,542,2,629.6,663.4,206.5,118.9,460.42,5,0.952,60.517,12,~
^,20.9,26.7,6,100.6,558,2,633.7,666.5,196.4,118.9,460.38,5,0.952,60.513,13,~
^,21.1,26.7,6,100.5,563,2,630.6,664.8,207.1,119.0,460.35,5,0.946,60.518,14,~
^,21.3,26.7,6,99.2,568,2,632.7,666.5,199.1,119.0,460.32,5,0.946,60.517,15,~
^,20.9,26.7,6,99.1,560,2,629.5,662.7,200.0,119.0,460.29,5,0.946,60.513,16,~
^,21.0,26.7,6,99.1,561,2,634.1,668.3,202.8,119.0,460.25,5,0.946,60.515,17,~
^,21.3,26.7,6,100.6,567,2,627.7,660.8,203.6,119.0,460.22,5,0.946,60.518,18,~
^,21.9,26.7,6,100.7,585,2,634.5,668.5,197.7,118.8,460.19,5,0.946,60.524,19,~
^,21.9,26.7,6,100.8,584,2,632.9,666.7,199.0,118.9,460.16,5,0.946,60.524,20,~
^,22.1,26.7,6,100.7,592,2,633.8,668.0,202.9,119.0,460.14,5,0.952,60.529,21,~
^,22.1,26.7,6,99.3,594,2,634.2,667.7,197.9,118.9,460.11,5,0.952,60.513,22,~
^,22.4,26.7,6,99.3,595,2,632.6,666.1,201.2,118.9,460.09,5,0.952,60.515,23,~
^,22.4,26.7,6,98.7,606,2,634.9,668.6,197.4,118.8,460.06,5,0.952,60.500,24,~
^,22.0,26.7,6,98.7,590,2,632.1,665.4,200.3,118.9,460.04,5,0.952,60.530,25,~
^,22.3,26.7,6,99.3,597,2,630.2,664.6,206.9,119.1,460.02,5,0.952,60.533,26,~
^,22.3,26.7,6,99.3,595,2,631.1,664.8,198.9,118.9,459.99,5,0.952,60.539,27,~
^,22.2,26.7,6,98.6,595,2,628.7,661.0,201.0,119.0,459.97,5,0.952,60.530,28,~
^,21.9,26.7,6,98.6,587,2,634.3,668.3,197.9,119.0,459.95,5,0.952,60.521,29,~
^,21.5,26.7,6,98.6,574,2,630.2,665.0,207.2,119.1,459.92,5,0.952,60.528,30,~
^,21.6,26.7,6,99.2,576,2,633.0,667.1,198.0,119.0,459.89,5,0.952,60.522,31,~
^,21.9,26.7,6,100.5,584,2,631.0,664.3,200.1,119.1,459.86,5,0.952,60.525,32,~
^,22.0,26.7,6,100.8,586,2,631.0,665.6,204.0,119.2,459.84,5,0.952,60.521,33,~
^,22.3,26.7,6,102.0,597,2,630.0,663.0,204.3,119.1,459.81,5,0.952,60.515,34,~
^,22.4,26.7,6,102.4,597,2,634.1,667.3,195.6,119.1,459.79,5,0.952,60.528,35,~
^,22.2,26.7,6,103.8,602,2,637.7,670.7,195.2,119.1,459.77,5,0.952,60.528,36,~
^,22.5,26.7,6,102.4,600,2,635.8,670.6,207.7,119.1,459.74,5,0.952,60.512,37,~
^,22.5,26.7,6,102.3,602,2,638.0,670.6,196.4,119.0,459.72,5,0.952,60.517,38,~
^,22.5,26.7,6,102.3,602,2,632.1,664.7,203.5,119.2,459.70,5,0.952,60.522,39,~
^,22.6,26.7,6,100.9,605,2,635.1,668.6,197.6,119.1,459.67,5,0.952,60.527,40,~
^,22.5,26.7,6,100.9,600,2,630.5,663.5,204.3,119.2,459.65,5,0.952,60.525,41,~
^,22.7,26.7,6,100.7,606,2,632.7,667.4,207.4,119.1,459.63,5,0.952,60.528,42,~
^,22.6,26.7,6,99.4,606,2,637.2,671.0,197.6,119.1,459.61,5,0.952,60.516,43,~
^,22.6,26.7,6,99.4,602,2,635.8,669.4,200.7,119.1,459.59,5,0.952,60.526,44,~
^,22.6,26.7,6,100.7,603,2,633.4,667.7,203.3,119.1,459.56,5,0.952,60.532,45,~
^,22.9,26.7,6,100.8,611,2,630.8,663.7,198.7,119.0,459.54,5,0.952,60.531,46,~
^,23.1,26.7,6,100.8,616,2,634.8,668.6,202.7,119.0,459.52,5,0.952,60.526,47,~
^,22.9,26.7,6,102.3,611,2,636.5,670.3,197.6,119.0,459.51,5,0.952,60.529,48,~
^,22.7,26.7,6,102.3,608,2,631.3,663.6,201.0,119.0,459.48,5,0.952,60.536,49,~
^,23.0,26.7,6,101.0,616,2,633.1,665.8,199.9,119.1,459.47,5,0.952,60.526,50,~
^,23.4,26.7,6,100.8,624,2,634.4,669.5,206.8,119.1,459.45,5,0.952,60.520,51,~
^,23.6,26.7,7,99.4,632,2,638.5,671.0,196.3,119.1,459.43,5,0.952,60.523,52,~
^,23.8,26.7,7,99.3,638,2,630.5,664.1,206.0,119.3,459.42,5,0.952,60.518,53,~
^,23.5,26.7,7,99.3,631,2,632.2,666.5,203.2,119.1,459.40,5,0.952,60.519,54,~
^,23.2,26.7,6,99.3,622,2,630.1,662.4,200.5,119.1,459.39,5,0.952,60.532,55,~
^,23.1,26.7,6,99.3,617,2,634.3,668.8,206.8,119.0,459.38,5,0.952,60.513,56,~
^,22.7,26.7,6,99.2,608,2,635.2,668.9,198.5,118.9,459.36,5,0.952,60.522,57,~
^,22.6,26.7,6,99.3,605,2,637.0,670.2,196.1,118.9,459.34,5,0.952,60.526,58,~
^,22.7,26.7,6,99.2,608,2,630.0,662.6,200.3,119.1,459.31,5,0.952,60.515,59,~
^,22.4,26.7,6,99.2,598,2,640.9,673.4,195.4,118.9,459.29,5,0.952,60.530,60,~
^,22.2,26.7,6,99.0,594,2,639.3,672.4,195.7,118.9,459.27,5,0.952,60.527,61,~
^,22.1,26.7,6,99.2,590,2,640.0,673.3,196.2,119.0,459.24,5,0.952,60.523,62,~
^,21.9,26.7,6,99.1,585,2,635.5,669.8,206.8,119.0,459.22,5,0.952,60.531,63,~
^,21.9,26.7,6,99.1,583,2,634.8,669.3,205.9,119.1,459.19,5,0.952,60.531,64,~
^,21.7,26.7,6,99.2,580,2,640.7,673.8,195.1,119.1,459.16,5,0.952,60.534,65,~
^,21.6,26.7,6,99.2,576,2,637.5,671.0,199.4,119.1,459.13,5,0.952,60.523,66,~
^,21.4,26.7,6,99.2,574,2,640.3,673.0,198.8,119.0,459.10,5,0.952,60.526,67,~
^,21.6,26.7,6,99.2,577,2,638.9,673.5,208.6,119.2,459.07,5,0.952,60.521,68,~
^,21.8,26.7,6,100.5,582,2,638.7,672.2,200.3,119.1,459.04,5,0.952,60.522,69,~
^,21.9,26.7,6,100.7,585,2,640.2,672.4,194.6,118.9,459.01,5,0.952,60.536,70,~
^,21.9,26.7,6,99.3,586,2,641.7,672.0,194.3,119.1,458.98,5,0.952,60.525,71,~
^,21.9,26.7,6,99.3,585,2,638.9,672.0,196.0,119.1,458.95,5,0.952,60.530,72,~
^,21.8,26.7,6,99.3,585,2,634.0,666.9,204.8,119.2,458.92,5,0.952,60.527,73,~
^,21.8,26.7,6,99.3,584,2,641.9,674.3,193.9,118.8,458.90,5,0.952,60.541,74,~
^,22.0,26.7,6,99.3,588,2,637.3,672.2,206.8,118.9,458.87,5,0.952,60.535,75,~
^,22.4,26.7,6,100.5,600,2,636.9,670.9,203.7,118.9,458.84,5,0.952,60.539,76,~
^,22.0,26.7,6,100.7,590,2,635.5,668.8,199.2,118.9,458.81,5,0.952,60.532,77,~
^,22.0,26.7,6,100.7,589,2,635.2,669.4,207.0,118.9,458.79,5,0.952,60.531,78,~
^,21.7,26.7,6,100.5,579,2,639.2,672.5,200.0,119.0,458.76,5,0.952,60.541,79,~
^,22.2,26.7,6,99.3,594,2,635.2,668.5,206.9,118.9,458.73,5,0.952,60.519,80,~
^,22.2,26.7,6,99.3,594,2,646.3,679.6,207.1,118.9,458.71,5,0.952,60.518,81,~
^,22.1,26.7,6,99.4,592,2,636.9,671.5,207.3,119.0,458.68,5,0.952,60.518,82,~
^,22.2,26.7,6,99.4,592,2,638.1,670.6,198.2,119.1,458.65,5,0.952,60.532,83,~
^,22.3,26.7,6,100.3,597,2,639.9,673.4,195.9,119.0,458.63,5,0.952,60.523,84,~
^,22.2,26.7,6,100.6,594,2,641.9,675.4,196.2,119.0,458.60,5,0.952,60.525,85,~
^,22.2,26.7,6,100.6,593,2,638.0,671.8,208.3,119.2,458.58,5,0.952,60.529,86,~
^,22.2,26.7,6,100.8,595,2,644.2,676.8,194.5,119.1,458.55,5,0.952,60.531,87,~
^,22.1,26.7,6,100.8,592,2,644.4,676.7,194.7,119.1,458.52,5,0.952,60.525,88,~
^,22.4,26.7,6,102.1,599,2,635.4,668.0,202.6,119.1,458.49,5,0.952,60.530,89,~
^,22.2,26.7,6,102.3,597,2,640.4,674.6,207.3,119.0,458.47,5,0.952,60.521,90,~
^,22.2,26.7,6,102.2,595,2,639.0,673.7,209.3,119.1,458.45,5,0.952,60.524,91,~
^,22.0,26.7,6,102.2,589,2,638.5,672.3,198.7,119.0,458.42,5,0.952,60.528,92,~
^,21.0,26.7,6,102.2,586,2,634.9,667.9,199.8,118.9,458.39,5,0.952,60.516,93,~
^,22.0,26.7,6,102.2,590,2,636.8,670.5,200.1,118.8,458.37,5,0.952,60.517,94,~
^,22.0,26.7,6,102.3,585,2,638.7,672.7,198.1,118.8,458.34,5,0.952,60.519,95,~
^,22.0,26.7,6,100.9,587,2,636.6,669.4,204.6,118.9,458.31,5,0.952,60.511,96,~
^,21.9,26.7,6,100.6,587,2,636.5,668.8,202.8,119.0,458.28,5,0.952,60.507,97,~
^,22.2,26.7,6,100.8,594,2,636.8,669.8,205.2,119.0,458.26,5,0.952,60.505,98,~
^,22.1,26.7,6,100.8,592,2,636.3,668.4,203.5,118.9,458.23,5,0.952,60.516,99,~
^,22.1,26.7,6,100.6,591,2,637.4,670.8,198.0,118.9,458.21,5,0.952,60.505,100,~
^,22.1,26.7,6,100.8,592,2,634.2,666.1,201.5,118.9,458.18,5,0.952,60.511,101,~
^,22.0,26.7,6,100.8,589,2,639.7,672.1,194.0,118.8,458.15,5,0.952,60.505,102,~
^,21.8,26.7,6,100.8,585,2,636.0,669.6,206.4,119.1,458.13,5,0.952,60.495,103,~
^,21.4,26.7,6,100.7,573,2,637.8,671.4,201.9,118.9,458.10,5,0.952,60.507,104,~
^,21.5,26.7,6,102.1,573,2,635.9,670.0,207.0,118.9,458.07,5,0.952,60.513,105,~
^,21.4,26.7,6,100.8,576,2,634.6,668.8,202.4,118.9,458.04,5,0.952,60.508,106,~
^,21.4,26.7,6,100.7,573,2,640.6,673.4,195.1,118.8,458.01,5,0.952,60.519,107,~
^,21.4,26.7,6,100.8,572,2,637.9,671.3,199.2,118.9,457.97,5,0.952,60.517,108,~
^,21.5,26.7,6,100.7,574,2,642.7,675.4,197.3,118.8,457.94,5,0.952,60.514,109,~
^,21.6,26.7,6,100.4,573,2,637.7,672.1,205.8,119.0,457.91,5,0.952,60.529,110,~
^,21.5,26.7,6,100.6,576,2,637.7,672.7,207.5,119.1,457.88,5,0.952,60.532,111,~
^,21.7,26.7,6,100.7,579,2,638.8,672.3,199.9,119.1,457.85,5,0.952,60.528,112,~
^,21.8,26.7,6,101.9,584,2,636.5,669.0,201.5,119.0,457.82,5,0.952,60.532,113,~
^,22.1,26.7,6,102.3,590,2,635.9,668.5,201.9,119.0,457.79,5,0.952,60.527,114,~
^,21.8,26.7,6,102.4,584,2,638.3,671.8,198.9,119.0,457.76,5,0.952,60.518,115,~
^,21.5,26.7,6,102.4,574,2,636.4,668.7,205.2,119.1,457.74,5,0.952,60.526,116,~
^,21.8,26.7,6,102.2,581,2,640.7,674.7,203.4,119.0,457.71,5,0.952,60.522,117,~
^,21.9,26.7,6,101.3,587,2,639.0,673.0,201.4,119.1,457.68,5,0.952,60.518,118,~
^,21.8,26.7,6,100.8,584,2,638.9,673.3,205.8,119.0,457.65,5,0.952,60.523,119,~
^,22.0,26.7,6,100.7,590,2,638.9,672.4,201.4,119.0,457.62,5,0.952,60.513,120,~
^,21.9,26.7,6,100.7,584,2,639.2,672.9,199.1,118.8,457.59,5,0.952,60.525,121,~
^,22.0,26.7,6,99.4,587,2,638.2,671.5,198.8,118.8,457.56,5,0.952,60.525,122,~


    0 102   2   3   0   7   INIT: FM80 Online
^,21.8,26.7,6,100.8,581,2,640.1,674.5,205.5,118.9,460.80,5,0.952,60.527,1,~
^,21.9,26.7,6,100.6,589,2,637.8,671.7,207.3,118.9,460.77,5,0.952,60.522,2,~
^,21.8,26.7,6,100.6,582,2,638.4,672.9,207.6,118.9,460.74,5,0.952,60.520,3,~
^,21.9,26.7,6,100.6,583,2,640.3,674.3,208.5,118.8,460.71,5,0.952,60.527,4,~
^,21.7,26.7,6,100.8,581,2,645.4,677.7,193.4,118.8,460.68,5,0.952,60.512,5,~
^,21.7,26.7,6,100.8,581,2,644.6,677.5,198.2,118.8,460.65,5,0.952,60.521,6,~
^,21.7,26.7,6,100.8,579,2,644.8,677.7,195.2,118.9,460.62,5,0.952,60.530,7,~
^,21.5,26.7,6,100.8,576,2,642.4,675.4,196.1,118.8,460.59,5,0.952,60.531,8,~
^,21.6,26.7,6,100.7,578,2,637.5,669.9,204.9,119.0,460.56,5,0.952,60.525,9,~
^,21.7,26.7,6,100.8,579,2,640.1,672.8,206.8,119.0,460.53,5,0.952,60.532,10,~
^,22.1,26.7,6,100.8,589,2,637.1,669.5,203.3,119.1,460.50,5,0.952,60.535,11,~
^,21.8,26.7,6,101.0,585,2,641.7,675.2,196.9,119.0,460.47,5,0.952,60.540,12,~
^,21.8,26.7,6,100.9,582,2,640.5,672.9,201.9,119.0,460.44,5,0.952,60.535,13,~
^,22.0,26.7,6,100.8,587,2,646.4,679.1,195.6,118.9,460.41,5,0.952,60.535,14,~
^,22.3,26.7,6,99.4,597,2,641.9,674.4,206.4,118.9,460.38,5,0.952,60.541,15,~
^,22.0,26.7,6,99.4,591,2,641.2,673.3,204.7,118.9,460.36,5,0.952,60.541,16,~
^,22.1,26.7,6,99.4,590,2,641.6,674.5,195.4,118.8,460.33,5,0.952,60.550,17,~
^,22.1,26.7,6,99.4,590,2,643.0,677.1,201.8,118.9,460.30,5,0.952,60.543,18,~
^,22.1,26.7,6,100.8,590,2,641.4,676.0,208.5,118.9,460.27,5,0.952,60.539,19,~
^,22.3,26.7,6,99.3,593,2,643.8,678.5,206.4,119.1,460.25,5,0.952,60.534,20,~
^,22.5,26.7,6,99.3,603,2,642.8,676.0,201.6,119.0,460.22,5,0.952,60.545,21,~
^,22.7,26.7,6,98.0,606,2,646.4,678.7,193.8,119.0,460.19,5,0.952,60.544,22,~
^,22.7,26.7,6,97.8,607,2,645.0,678.6,197.1,119.1,460.17,5,0.952,60.532,23,~
^,22.6,26.7,6,97.7,606,2,647.3,679.7,193.5,118.9,460.14,5,0.952,60.548,24,~
^,22.6,26.7,6,97.8,603,2,642.3,675.5,199.4,118.9,460.12,5,0.952,60.538,25,~
^,22.6,26.7,6,97.7,603,2,644.7,677.3,195.7,119.0,460.09,5,0.952,60.540,26,~
^,22.3,26.7,6,97.9,600,2,639.2,671.2,203.8,119.0,460.07,5,0.952,60.541,27,~
^,22.1,26.7,6,97.9,590,2,642.2,675.3,199.9,119.0,460.05,5,0.952,60.538,28,~
^,21.7,26.7,6,97.9,583,2,647.1,679.1,193.3,119.0,460.02,5,0.952,60.559,29,~
^,22.0,26.7,6,97.8,585,2,643.2,677.9,205.7,118.9,459.99,5,0.952,60.549,30,~
^,22.2,26.7,6,96.6,593,2,646.1,678.5,195.5,119.0,459.96,5,0.952,60.538,31,~
^,22.3,26.7,6,95.8,597,2,640.3,673.3,206.4,119.1,459.93,5,0.952,60.543,32,~
^,22.2,26.7,6,95.8,595,2,648.2,680.4,193.9,119.0,459.90,5,0.952,60.545,33,~
^,22.3,26.7,6,96.5,596,2,648.1,681.5,196.1,119.0,459.87,5,0.952,60.543,34,~
^,22.3,26.7,6,96.5,595,2,648.0,681.3,195.9,118.9,459.85,5,0.952,60.533,35,~
^,22.1,26.7,6,96.6,592,2,642.8,676.8,208.7,119.0,459.82,5,0.952,60.530,36,~


    0 102   2   3   0   7   INIT: FM80 Online
^,22.0,26.7,6,97.8,588,2,638.4,671.5,199.9,118.9,460.80,5,0.952,60.538,1,~
^,21.9,26.7,6,97.8,585,2,641.5,675.3,201.4,119.0,460.77,5,0.952,60.533,2,~
^,21.9,26.7,6,98.3,585,2,639.4,671.7,205.0,119.1,460.74,5,0.952,60.521,3,~
^,21.8,26.7,6,98.4,582,2,644.5,677.9,199.8,119.1,460.71,5,0.952,60.518,4,~
^,22.0,26.7,6,99.3,587,2,643.1,675.5,207.2,119.1,460.68,5,0.952,60.523,5,~
^,21.9,26.7,6,99.3,584,2,641.3,675.0,200.6,119.1,460.65,5,0.952,60.526,6,~
^,21.9,26.7,6,99.3,584,2,648.6,680.9,194.1,119.0,460.63,5,0.952,60.532,7,~
^,21.7,26.7,6,99.3,581,2,645.5,678.0,196.6,118.9,460.59,5,0.952,60.522,8,~
^,21.8,26.7,6,98.9,584,2,644.6,678.0,199.2,118.9,460.56,5,0.952,60.517,9,~
^,21.9,26.7,6,97.8,585,2,640.6,673.9,200.1,118.8,460.53,5,0.952,60.542,10,~
^,22.0,26.7,6,98.5,587,2,644.2,678.3,203.6,118.8,460.50,5,0.952,60.527,11,~
